{"realityCaptureSettings": {"pin": "123456", "default_reconstruction_quality": "preview", "default_export_quality": "normal", "default_create_mesh_from": "projection", "default_create_textures": false, "default_lit": false}, "settingsLocations": {"locations": [{"markers": "#marker1 - marker2 - distance\n1x12:011 - 1x12:012 - 0.500\n1x12:011 - 1x12:013 - 0.866\n1x12:011 - 1x12:014 - 1.000\n1x12:011 - 1x12:015 - 0.866\n1x12:011 - 1x12:016 - 0.500\n1x12:012 - 1x12:013 - 0.500\n1x12:012 - 1x12:014 - 0.866\n1x12:012 - 1x12:015 - 1.000\n1x12:012 - 1x12:016 - 0.866\n1x12:013 - 1x12:014 - 0.500\n1x12:013 - 1x12:015 - 0.866\n1x12:013 - 1x12:016 - 1.000\n1x12:014 - 1x12:015 - 0.500\n1x12:014 - 1x12:016 - 0.866\n1x12:015 - 1x12:016 - 0.500\n\n1x12:047 - 1x12:048 - 0.095\n1x12:049 - 1x12:04a - 0.095\n1x12:04b - 1x12:04d - 0.095\n1x12:04e - 1x12:04f - 0.095\n1x12:051 - 1x12:052 - 0.095\n1x12:053 - 1x12:055 - 0.095\n1x12:056 - 1x12:057 - 0.095\n1x12:059 - 1x12:05a - 0.095\n1x12:05b - 1x12:05c - 0.095\n1x12:05d - 1x12:05e - 0.095\n1x12:05f - 1x12:063 - 0.095\n1x12:065 - 1x12:066 - 0.095\n1x12:067 - 1x12:069 - 0.095\n1x12:06a - 1x12:06b - 0.095\n1x12:06c - 1x12:06d - 0.095\n1x12:06e - 1x12:06f - 0.095\n1x12:071 - 1x12:072 - 0.095\n1x12:073 - 1x12:074 - 0.095\n1x12:075 - 1x12:076 - 0.095\n1x12:077 - 1x12:079 - 0.095\n1x12:07a - 1x12:07b - 0.095\n1x12:07d - 1x12:07e - 0.095\n1x12:07f - 1x12:092 - 0.095\n1x12:093 - 1x12:095 - 0.095\n1x12:096 - 1x12:097 - 0.095\n1x12:099 - 1x12:09a - 0.095\n1x12:09b - 1x12:09c - 0.095\n\n", "diameter": 1.8, "height": 2.5, "segments": 16, "cameras_per_segment": 7, "camera_rotation": 0, "camera_one_position": "top", "location": "Hamburg", "calibration_data": "{\"1-1\": {\"FocalLength35mm\": [35.4272895392065, 35.4202767352256, 35.42378313721605, 35.3037369199951, 35.393771582910816, 35.4031432377819, 35.4447473459712, 35.395333525389326], \"PrincipalPointU\": [-0.00197045590846284, -0.00283056188686012, -0.00240050889766148, -0.00402504322910937, -0.0028066424805234524, -0.00262520665937122, -0.00422307112699048, -0.00277640317699808], \"PrincipalPointV\": [-0.01653852729715, -0.0159766760846751, -0.01625760169091255, -0.0157620981258681, -0.016133725799651437, -0.0161525023552767, -0.0173014296874981, -0.01613685522558898], \"DistortionCoeficients\": [[0.0642846531715828, -0.122538605828072, -0.279796508192535, 0.0, 0.0, 0.0], [0.0774491779303207, -0.24429404905923, 0.0147687186563864, 0.0, 0.0, 0.0], [0.07086691555095176, -0.183416327443651, -0.1325138947680743, 0.0, 0.0, 0.0], [0.0800581690443631, -0.261365652905309, 0.0651923369716716, 0.0, 0.0, 0.0], [0.07316472892430459, -0.2029036588090655, -0.08308733683313782, 0.0, 0.0, 0.0], [0.0870696895214113, -0.318362406951516, 0.174702354705944, 0.0, 0.0, 0.0], [0.0196913367475969, 0.307925446613549, -1.4827635337263, 0.0, 0.0, 0.0], [0.07548222235715571, -0.22214678349947392, -0.040122388243290855, 0.0, 0.0, 0.0]], \"Rotation\": [[0.334563774462368, 0.9411130969868, -0.0487157007278782, 0.516948245326469, -0.226505453300949, -0.825505779070514, -0.787928672197794, 0.251000833275203, -0.56228728353376], [0.333864997670495, 0.941329711842174, -0.0493207556066388, 0.517501253818058, -0.226774302468893, -0.825085370150559, -0.787862053678954, 0.249943572317586, -0.562851308100022], [0.3342143860664315, 0.941221404414487, -0.0490182281672585, 0.5172247495722635, -0.22663987788492101, -0.8252955746105366, -0.787895362938374, 0.2504722027963945, -0.5625692958168911], [0.401180142767588, 0.915696311088204, -0.023553320539409, 0.149477575286223, -0.0908136252554866, -0.984585872311048, -0.903720613649777, 0.391475607576527, -0.173308687425242], [0.35095582524172064, 0.9348401310829163, -0.04265200126029613, 0.42528795600075336, -0.19268331472756242, -0.8651181490356644, -0.8168516756162247, 0.2857230539914276, -0.46525414371897883], [0.333908365998563, 0.94132755182148, -0.0490677419283714, 0.517521106237545, -0.226585985039939, -0.825124654814137, -0.78783063390226, 0.250122433150767, -0.562815831973393], [0.400781796694729, 0.915865653031029, -0.0237498849721922, 0.148939842934511, -0.0907101828168626, -0.984676894173909, -0.903986103114859, 0.391103270673333, -0.172763876559405], [0.3481145820345277, 0.9359213678726769, -0.043721291371642, 0.4406601477068853, -0.19833375977962517, -0.8584525666654098, -0.812014835330564, 0.27978961718465084, -0.48151442509471454]], \"Position\": [[0.8693005480998615, -0.276833256992549, 2.286654888048175], [0.8687984934941115, -0.276252620501864, 2.2867763950541447], [0.8690495207969865, -0.2765429387472065, 2.28671564155116], [1.02126840363271, -0.307647677448914, 2.02355922490929], [0.9071042415059174, -0.2843191234226334, 2.2209265373906923], [0.868513218098023, -0.276431400978009, 2.28687251858505], [1.02512209331827, -0.30851922514865, 2.02577307766364], [0.9006724042712685, -0.283004503015196, 2.2319175342564184]]}, \"1-2\": {\"FocalLength35mm\": [35.6177056043287, 35.6269042230098, 35.622304913669254, 35.59752693645, 35.61611041936444, 35.6096443225439, 35.6530804308096, 35.61503273656101], \"PrincipalPointU\": [0.01067826349722, 0.0127207475607612, 0.0116995055289906, 0.0122353194750571, 0.011833459015507225, 0.0125132701492341, 0.0124580240572087, 0.011946760871128372], \"PrincipalPointV\": [-0.010507582346343, -0.0106344815830314, -0.0105710319646872, -0.0100345386851131, -0.010436908644793675, -0.0109006461972375, -0.0119542221843963, -0.010514198236867646], \"DistortionCoeficients\": [[0.0711180324821927, -0.250340133440262, 0.0655842796969941, 0.0, 0.0, 0.0], [0.0453987007131244, -0.0215845200821689, -0.457140217117145, 0.0, 0.0, 0.0], [0.058258366597658554, -0.13596232676121545, -0.19577796871007544, 0.0, 0.0, 0.0], [0.074205575663188, -0.240493943720903, 0.00124699483262125, 0.0, 0.0, 0.0], [0.06224516886404092, -0.16209523100113732, -0.14652172782440126, 0.0, 0.0, 0.0], [0.0555646891528472, -0.128165840997313, -0.182993002849566, 0.0, 0.0, 0.0], [0.0773193670076651, -0.274679737431012, 0.0666353626769502, 0.0, 0.0, 0.0], [0.06113175557884196, -0.1564403326671666, -0.15260027366192871, 0.0, 0.0, 0.0]], \"Rotation\": [[0.352316654438082, 0.935420017463008, -0.0293660677494099, 0.136175868524075, -0.0822828451115258, -0.987261700985137, -0.925920681180236, 0.343829789765021, -0.15637125002017], [0.353647329992183, 0.934932015389109, -0.0289083480997909, 0.136187382813199, -0.0820412002147914, -0.987280222748237, -0.925411563982151, 0.345212062459839, -0.156339595689427], [0.3529819922151325, 0.9351760164260585, -0.0291372079246004, 0.136181625668637, -0.0821620226631586, -0.9872709618666871, -0.9256661225811935, 0.34452092611243, -0.1563554228547985], [0.366139375243686, 0.929692870634952, -0.0401637172919265, 0.12376087115154, -0.0914271245282923, -0.988091254729188, -0.922293448240838, 0.356808418049561, -0.148534669828274], [0.35627133797227084, 0.9338052299782819, -0.03189383526643193, 0.13307643703936275, -0.08447829812944202, -0.9874760350823122, -0.9248229539961046, 0.34759279909671276, -0.15440023459816737], [0.353326838575957, 0.935057784894705, -0.0287590689996591, 0.136139408015309, -0.0818085399953567, -0.987306145209818, -0.92554103459931, 0.344926516364915, -0.156203366100746], [0.366118675956559, 0.929709162133158, -0.0399748541145175, 0.122462819833523, -0.0907206252516904, -0.988318079320805, -0.922474917206012, 0.356946273267565, -0.147069320818989], [0.3557805880728852, 0.9340139891310191, -0.03137137422196979, 0.13358693220202048, -0.0840333384404278, -0.9874477201035631, -0.9249426340966388, 0.3471484186414131, -0.15470075651526383]], \"Position\": [[1.0164395995913116, -0.323860486902309, 1.740729227178135], [1.0160622885818515, -0.322783972802163, 1.740712996208715], [1.0162509440865817, -0.323322229852236, 1.740721111693425], [1.02354117510082, -0.320570769359429, 1.74877680008682], [1.0180735018401412, -0.3226343647290343, 1.7427350337917737], [1.0158401830162, -0.322882816399308, 1.74096218471325], [1.02607375436521, -0.320934422147815, 1.74952616475323], [1.017701282036151, -0.3226757733407466, 1.7424395589453532]]}, \"1-3\": {\"FocalLength35mm\": [35.4365963608413, 35.4140678845915, 35.4253321227164, 35.3378325492811, 35.40345722935757, 35.3840044489181, 35.3490422214797, 35.400215099284324], \"PrincipalPointU\": [-0.00451003785283959, -0.00489724629940287, -0.00470364207612123, -0.00359077727589491, -0.00442542587606465, -0.00486024437862726, -0.00399888919304097, -0.004497895626491752], \"PrincipalPointV\": [-0.00493212595995671, -0.00535035907327393, -0.005141242516615321, -0.00522685320123917, -0.005162645187771283, -0.00546911182670523, -0.00558700491134391, -0.005213722960926942], \"DistortionCoeficients\": [[0.0648446683548351, -0.137148850261101, -0.331353607183211, 0.0, 0.0, 0.0], [0.0757700102087245, -0.259543826544819, 0.0490846316907113, 0.0, 0.0, 0.0], [0.07030733928177979, -0.19834633840296, -0.14113448774624984, 0.0, 0.0, 0.0], [0.0974362843424393, -0.397922217443187, 0.301903541353211, 0.0, 0.0, 0.0], [0.07708957554694466, -0.24824030816301676, -0.030374980471384636, 0.0, 0.0, 0.0], [0.0924462297836747, -0.387021542752717, 0.324411611035955, 0.0, 0.0, 0.0], [0.0849307612317017, -0.317538212787056, 0.180853178166963, 0.0, 0.0, 0.0], [0.079649017919733, -0.2713705139279668, 0.02875611811317197, 0.0, 0.0, 0.0]], \"Rotation\": [[0.223325717427791, 0.97343283883574, -0.0505384231209851, 0.0799017515304344, -0.0699552567277843, -0.994344996547234, -0.971463501135134, 0.218024701197692, -0.0934017967167963], [0.222747520769868, 0.973561125315874, -0.0506189417566831, 0.0795171250330525, -0.069894646158205, -0.994380090943547, -0.971627793353687, 0.217470627239884, -0.092983640875889], [0.2230366190988295, 0.973496982075807, -0.0505786824388341, 0.07970943828174346, -0.06992495144299465, -0.9943625437453905, -0.9715456472444105, 0.217747664218788, -0.09319271879634265], [0.237320972433478, 0.969854094511909, -0.0553334564410444, 0.0784572263267187, -0.0759106783257976, -0.994023154938171, -0.968257827068982, 0.231561232235886, -0.094107258195379], [0.2266077074324916, 0.9725862601848325, -0.05176737593938668, 0.07939638529298726, -0.0714213831636954, -0.9942776965435856, -0.9707236922005534, 0.2212010562230625, -0.09342135364610174], [0.222618011694178, 0.973597420396872, -0.0504904334095919, 0.0795786585238617, -0.069764500180468, -0.994384307811679, -0.971652436819295, 0.217349896505904, -0.0930084109744891], [0.236969898866433, 0.969939737497552, -0.0553369013806506, 0.0782342704508586, -0.0758260081726558, -0.99404718973076, -0.968361846603972, 0.231230019910434, -0.0938510092325379], [0.22594275814277268, 0.972754786886839, -0.05155455218442088, 0.07942676416479967, -0.07114523599982416, -0.9942954650882679, -0.9708784829703437, 0.22055919627020273, -0.09335252986749963]], \"Position\": [[1.0212742356694515, -0.33583839538300797, 1.440501355062525], [1.0206609902177115, -0.335101598568037, 1.4403795827301948], [1.0209676129435814, -0.3354699969755225, 1.44044046889636], [1.02480967851388, -0.333164395986068, 1.44803801606966], [1.021928129336156, -0.3348935967281589, 1.442339855689685], [1.02039120586617, -0.335128657623687, 1.44056808856312], [1.02386355445749, -0.33281734751347, 1.44783138978343], [1.0216719754244916, -0.3349327735440803, 1.4420445611685908]]}, \"1-4\": {\"FocalLength35mm\": [35.4580406670628, 35.4819422910195, 35.46999147904115, 35.484674353898], \"PrincipalPointU\": [0.0187555868544348, 0.0194178177878459, 0.019086702321140347, 0.0195933788347413], \"PrincipalPointV\": [0.0160739962449139, 0.0161903001718122, 0.016132148208363048, 0.0162215662862427], \"DistortionCoeficients\": [[0.12185698379806, -0.509012876565292, 0.527349628436977, 0.0, 0.0, 0.0], [0.114651999706438, -0.482486459580612, 0.470620880136991, 0.0, 0.0, 0.0], [0.118254491752249, -0.495749668072952, 0.498985254286984, 0.0, 0.0, 0.0], [0.114223198092025, -0.472589891818432, 0.431711165990741, 0.0, 0.0, 0.0]], \"Rotation\": [[0.168642978592912, 0.984916743711408, -0.0387111576709818, 0.138984381042726, -0.0626422651273603, -0.988311331740097, -0.975829333232754, 0.161291520473429, -0.147452222180232], [0.168934324327213, 0.984877046574803, -0.0384499310038713, 0.139055361710329, -0.0624360615473276, -0.98831439562422, -0.975768825308391, 0.161613555584155, -0.14750002782281], [0.1687886514600625, 0.9848968951431055, -0.03858054433742655, 0.1390198713765275, -0.06253916333734395, -0.9883128636821585, -0.9757990792705725, 0.161452538028792, -0.147476125001521], [0.169009863975716, 0.984870491828379, -0.0382855090685392, 0.139303651041523, -0.0623236702578293, -0.988286523702562, -0.975720328109142, 0.161696859744773, -0.147729370347497]], \"Position\": [[1.0246437034886615, -0.340268112500775, 1.1381875700828448], [1.0246860426165014, -0.339579316303285, 1.1379944788776046], [1.0246648730525814, -0.33992371440202995, 1.1380910244802247], [1.02496507052553, -0.339782858281514, 1.13828035652558]]}, \"1-5\": {\"FocalLength35mm\": [35.5740584725245, 35.5860099324395, 35.580034202482, 35.5516388002005, 35.572935351911624, 35.581771779484, 35.56134953828, 35.574408089840354], \"PrincipalPointU\": [0.0150593475043122, 0.0150703943176766, 0.015064870910994399, 0.0153105554190273, 0.015126292038002625, 0.0153725258733668, 0.0151437810509896, 0.01516733101056332], \"PrincipalPointV\": [-0.00407760982574421, -0.00387555724581321, -0.00397658353577871, -0.00394710040456395, -0.003969212752975021, -0.00398513323811819, -0.00378306496511831, -0.003971866167165549], \"DistortionCoeficients\": [[0.0946275053564125, -0.399036703697204, 0.285853315302854, 0.0, 0.0, 0.0], [0.0918906038195703, -0.386194638452762, 0.275012230993572, 0.0, 0.0, 0.0], [0.0932590545879914, -0.39261567107498296, 0.280432773148213, 0.0, 0.0, 0.0], [0.104341993071188, -0.477361523201481, 0.46696349168759, 0.0, 0.0, 0.0], [0.09602978920879054, -0.4138021341066075, 0.32706545278305726, 0.0, 0.0, 0.0], [0.0987166561997295, -0.44533259858415, 0.4108382975772, 0.0, 0.0, 0.0], [0.099763336153936, -0.455717867684184, 0.448567606359348, 0.0, 0.0, 0.0], [0.09647760037394704, -0.41905721151953124, 0.341027593582081, 0.0, 0.0, 0.0]], \"Rotation\": [[0.244420146860902, 0.969318831347451, -0.0260728787000275, 0.210092085569609, -0.0791875272813595, -0.974469420302185, -0.946636206464504, 0.232702253358825, -0.223001241907343], [0.244383837106141, 0.969327719968541, -0.0260827809458426, 0.210288741465574, -0.0792372162916187, -0.974422961945776, -0.946601914943185, 0.232648307225616, -0.223203001258834], [0.2444019919835215, 0.9693232756579959, -0.02607782982293505, 0.2101904135175915, -0.0792123717864891, -0.9744461911239806, -0.9466190607038445, 0.2326752802922205, -0.2231021215830885], [0.251169651151079, 0.967370892954691, -0.033277046213416, 0.109410149373057, -0.0625326472852665, -0.992027765356224, -0.961739687002055, 0.245526421159803, -0.121546497101514], [0.24609390677541088, 0.9688351799821696, -0.027877633920555287, 0.18499534748145788, -0.07504244066118346, -0.9788415846820414, -0.950399217278397, 0.23588806550911612, -0.19771321546269488], [0.244493099322464, 0.969305462411959, -0.0258852259413529, 0.210412348473223, -0.0790949161782773, -0.974407839585014, -0.946546231302877, 0.232789421523166, -0.223291999931101], [0.251142875909155, 0.967376596815501, -0.0333132978514254, 0.109631066965415, -0.0626227430271763, -0.991997692140348, -0.961721521562299, 0.245480980911783, -0.121781784247421], [0.24582710553325304, 0.9689135603871345, -0.027545565924021558, 0.18923151431341875, -0.07571785324736577, -0.9781026271658702, -0.9497570529491437, 0.2353716248447911, -0.2019763462074292]], \"Position\": [[1.0276323406244214, -0.347625022627104, 0.8346563910685849], [1.0279903116561415, -0.347642163511366, 0.8347097772666949], [1.0278113261402815, -0.347633593069235, 0.8346830841676399], [1.03186107055748, -0.348331221914807, 0.847575629468681], [1.028823762244581, -0.34780800028062797, 0.8379062204929002], [1.02831284261999, -0.347718447456702, 0.834937355782648], [1.03079829922393, -0.348156199858459, 0.847511873126248], [1.028738608973816, -0.3477930748099736, 0.8374114097078582]]}, \"1-6\": {\"FocalLength35mm\": [35.6564219465526, 35.6785638173657, 35.66749288195915, 35.6737892085926, 35.66906696361751, 35.6694355459257, 35.6705310115413, 35.66912839400221], \"PrincipalPointU\": [0.00703166556724095, 0.00724736288812079, 0.00713951422768087, 0.00719102216337455, 0.007152391211604291, 0.00752723172410761, 0.00705534237359899, 0.0072148646303548435], \"PrincipalPointV\": [-0.00101749504262508, -0.00143171724341488, -0.00122460614301998, -0.000642056838887286, -0.0010789688169868066, -0.00145684241800752, -0.00143821193323692, -0.0011419477504902588], \"DistortionCoeficients\": [[0.0989084035818283, -0.396117859701144, 0.271695371862123, 0.0, 0.0, 0.0], [0.0909674539059253, -0.333365612141328, 0.135983261293139, 0.0, 0.0, 0.0], [0.0949379287438768, -0.364741735921236, 0.203839316577631, 0.0, 0.0, 0.0], [0.0915932943939926, -0.357392702836858, 0.226044944610837, 0.0, 0.0, 0.0], [0.09410177015640575, -0.3629044776501415, 0.2093907235859325, 0.0, 0.0, 0.0], [0.102298169550354, -0.427353973994695, 0.358805956767586, 0.0, 0.0, 0.0], [0.0916485047242485, -0.349435359921377, 0.204456335724162, 0.0, 0.0, 0.0], [0.09546783672206378, -0.37364606037423376, 0.23429326244954143, 0.0, 0.0, 0.0]], \"Rotation\": [[0.254255089504017, 0.966076143081688, 0.0452905644667303, 0.114541552965547, 0.0164206135892645, -0.993282737237285, -0.960330454638166, 0.257734842847766, -0.106480837133693], [0.254462371524732, 0.966016316563408, 0.0454023965366892, 0.114245769161724, 0.0165914227299206, -0.993313962914266, -0.960310785999333, 0.257948058385914, -0.106141384333737], [0.2543587305143745, 0.9660462298225481, 0.04534648050170975, 0.1143936610636355, 0.016506018159592552, -0.9932983500757755, -0.9603206203187495, 0.25784145061684, -0.10631111073371499], [0.276754299283938, 0.960301480347587, 0.0350446097151735, 0.0982805862583287, 0.00799150127800008, -0.995126656397085, -0.955901660314792, 0.278849785277946, -0.0921673101368822], [0.25995762270676537, 0.9646100424538078, 0.04277101280507569, 0.1103653923623088, 0.014377388939194434, -0.9937554266561028, -0.9592158803177602, 0.26309353428211646, -0.10277516058450678], [0.254557029293486, 0.965985608361022, 0.045524974208246, 0.11437540431448, 0.0166718725071124, -0.993297697347077, -0.960270267021308, 0.258057848372207, -0.10624105218009], [0.276704300904609, 0.960316965251049, 0.0350150840625509, 0.0975993904322, 0.00816456541158392, -0.995192292403284, -0.955985925026177, 0.278791438395543, -0.0914671800658002], [0.2590575238045521, 0.9648393034383435, 0.043230006372270736, 0.11103372768767067, 0.01475980286718076, -0.9936791384379319, -0.9593916114350182, 0.26225425329713153, -0.10335280918377066]], \"Position\": [[1.0347197844285816, -0.348968136793762, 0.5390379870077349], [1.0353933971438316, -0.34925911588166697, 0.5392602951976349], [1.0350565907862066, -0.3491136263377145, 0.5391491411026849], [1.03926317163875, -0.351211545546809, 0.548328310357296], [1.0361082359993423, -0.3496381061399881, 0.5414439334163377], [1.03588913042742, -0.349339219958989, 0.539351694755511], [1.03824869115229, -0.350928571032873, 0.548436405266128], [1.036071718404022, -0.34958829177648826, 0.5410952269728666]]}, \"1-7\": {\"FocalLength35mm\": [35.3823162361761, 35.3760325448093, 35.3791743904927, 35.3573441964262, 35.373716841976076, 35.3629646138362, 35.3911701022903, 35.371924803952766], \"PrincipalPointU\": [0.0050547703361672, 0.0050145495156779, 0.00503465992592255, 0.00460877216735948, 0.0049281879862817825, 0.00530713865228682, 0.00536949124319874, 0.004991346430615956], \"PrincipalPointV\": [-0.00406827402800339, -0.00415517861446159, -0.00411172632123249, -0.00360580522980069, -0.00398524604837454, -0.00454267636022377, -0.00395177140507565, -0.004078151100349411], \"DistortionCoeficients\": [[0.0664348491721491, -0.132535451062344, -0.278983440963152, 0.0, 0.0, 0.0], [0.0719210870170347, -0.173208401838004, -0.200066907174302, 0.0, 0.0, 0.0], [0.0691779680945919, -0.152871926450174, -0.23952517406872698, 0.0, 0.0, 0.0], [0.0806729266155485, -0.255201738730855, 0.00216865258677147, 0.0, 0.0, 0.0], [0.07205170772483105, -0.17845437952034426, -0.17910171740485237, 0.0, 0.0, 0.0], [0.0845666674276867, -0.286223078934814, 0.0803340769039097, 0.0, 0.0, 0.0], [0.0524609394575961, -0.037268575525514, -0.468989297468429, 0.0, 0.0, 0.0], [0.07413753434197366, -0.1964158294227559, -0.13586241835339202, 0.0, 0.0, 0.0]], \"Rotation\": [[0.372154116306597, 0.927956930630902, 0.0199310965612065, 0.0127806396663841, 0.0163482125998162, -0.99978467241427, -0.928082953709298, 0.372328713422518, -0.00577582854304037], [0.372060797295795, 0.927992891913563, 0.0199988918072942, 0.0127265690404556, 0.0164435640884744, -0.999783798448708, -0.928121111469875, 0.372234874451562, -0.00569216004284767], [0.372107456801196, 0.9279749112722325, 0.01996499418425035, 0.01275360435341985, 0.0163958883441453, -0.999784235431489, -0.9281020325895866, 0.37228179393704, -0.00573399429294402], [0.259378274072877, 0.965578723474944, 0.0195099900428908, 0.08314195431404, -0.00219849816222166, -0.99653528890786, -0.962190379484132, 0.26010170199045, -0.0808503447726323], [0.34392516111911625, 0.9373758643229104, 0.019851243148910465, 0.03035069184357489, 0.01174729171755356, -0.9989719988005817, -0.936624119313223, 0.3442367709503925, -0.024513081912866087], [0.372135240875382, 0.927960439745833, 0.0201192635387513, 0.0125663525284123, 0.0166370319406145, -0.999782624350083, -0.928093448572262, 0.372307173493779, -0.00546985212959461], [0.259999295420504, 0.965411031910857, 0.0195424114595903, 0.0828326669323269, -0.00213507645587232, -0.996561182636272, -0.962049435148589, 0.260723955388342, -0.0805226888332617], [0.3486268410784939, 0.9358066268933976, 0.019895913213883936, 0.02738663529104779, 0.012562248421397049, -0.999107103058832, -0.935202340856396, 0.34891517137429023, -0.02133921028232084]], \"Position\": [[1.0412355146236316, -0.350994701501648, 0.24362036425891476], [1.0412141458692115, -0.3509087615935, 0.24363298847150494], [1.0412248302464215, -0.350951731547574, 0.24362667636520985], [1.04344895195978, -0.356911800879642, 0.249537701374612], [1.0417808606747612, -0.352441748880591, 0.24510443261756037], [1.04163366186574, -0.350855326624034, 0.243729989424198], [1.04269154132714, -0.356462920078576, 0.249844218837206], [1.0417563275399242, -0.3521773451711649, 0.24487535875199998]]}, \"10-1\": {\"FocalLength35mm\": [35.7516827474175, 35.7321652722701, 35.7419240098438, 35.7160970322217, 35.735467265438274, 35.743000289319, 35.7117218450223, 35.7367227694184], \"PrincipalPointU\": [-0.00718783967393914, -0.00674727122468714, -0.006967555449313141, -0.00672259597468387, -0.006906315580655823, -0.00753435936581024, -0.00680312899707386, -0.007010989544848225], \"PrincipalPointV\": [-0.000120679978550103, -0.000315077308546614, -0.0002178786435483585, 0.000103706286476316, -0.00013748241104218986, -0.000713303684759187, 6.4206431201414e-05, -0.00023345262332835604], \"DistortionCoeficients\": [[0.0608010078135254, -0.202392532486106, -0.0977492166194115, 0.0, 0.0, 0.0], [0.0702213476921478, -0.278519224218555, 0.0624566096552672, 0.0, 0.0, 0.0], [0.0655111777528366, -0.2404558783523305, -0.017646303482072148, 0.0, 0.0, 0.0], [0.0720563638015628, -0.274892205989721, 0.0407796491606237, 0.0, 0.0, 0.0], [0.06714747426501816, -0.24906496026167813, -0.0030398153213981854, 0.0, 0.0, 0.0], [0.0693423885715991, -0.268230828271943, 0.0676843161741936, 0.0, 0.0, 0.0], [0.0717855934825054, -0.283314477780885, 0.0798121328689357, 0.0, 0.0, 0.0], [0.06751329331611498, -0.2522592715967223, 0.008747539927867112, 0.0, 0.0, 0.0]], \"Rotation\": [[-0.673524262946174, -0.738244267942003, 0.0368845234968616, -0.201961776215043, 0.135796006717066, -0.969933443854661, 0.711039034210415, -0.660722971759326, -0.240559028969286], [-0.673873957214064, -0.737927912141213, 0.0368277921082529, -0.201757949648801, 0.135836530675512, -0.969970188556098, 0.710765516567996, -0.661067949167823, -0.240419523002768], [-0.673699110080119, -0.738086090041608, 0.03685615780255725, -0.20185986293192199, 0.135816268696289, -0.9699518162053795, 0.7109022753892056, -0.6608954604635745, -0.24048927598602698], [-0.654580306642232, -0.755388711123872, 0.0302079006681339, -0.201539551186773, 0.135852911743565, -0.970013296650221, 0.728633262666203, -0.641039687911295, -0.241167342438802], [-0.6689194092206472, -0.7424117453121739, 0.03519409351895141, -0.20177978499563476, 0.135825429458108, -0.9699671863165898, 0.7153350222084549, -0.6559315173255047, -0.24065879259922074], [-0.673436263678789, -0.738355911187171, 0.0362511679441446, -0.201273341676364, 0.135949530243359, -0.970055033055878, 0.711317538580895, -0.660566630735743, -0.240164705287113], [-0.654586332065384, -0.755389519653895, 0.0300567375183163, -0.201329538430814, 0.135864829676615, -0.97005523812419, 0.728685906840816, -0.641036209315826, -0.241017483842097], [-0.6696722182970042, -0.7417357729580067, 0.035370272589816946, -0.2016953777757563, 0.1358461129223165, -0.9699818274398045, 0.7146654416038616, -0.6567040362272111, -0.24057644471386944]], \"Position\": [[-0.8328179122051784, 0.718767777350059, 2.0021357305752048], [-0.8321596140334675, 0.718202658857604, 2.0021417784276148], [-0.832488763119323, 0.7184852181038315, 2.0021387545014098], [-0.830243977452117, 0.721627227173865, 2.00591365749616], [-0.8319275667025214, 0.7192707203713399, 2.0030824802500975], [-0.832869606967562, 0.718296678334085, 2.00265538540316], [-0.829724901335464, 0.721091173527868, 2.00494600885029], [-0.8320845734133616, 0.7191083800317974, 2.0030112977756076]]}, \"10-2\": {\"FocalLength35mm\": [35.3978277463317, 35.3775470415048, 35.38768739391825, 35.3601594779002, 35.38080541491374, 35.3799946491984, 35.3640161078663, 35.380670287294514], \"PrincipalPointU\": [0.00254481234321697, 0.00210612640165394, 0.002325469372435455, 0.00296722101231422, 0.002485907282405146, 0.00200978413170807, 0.00251865777190612, 0.0024065534239556337], \"PrincipalPointV\": [-0.000243397625541008, 0.000682799573936878, 0.00021970097419793502, 0.000281292000299492, 0.0002350987307233243, 2.86482112721152e-05, 0.000873562096630163, 0.00020069031081478947], \"DistortionCoeficients\": [[0.0570440906344893, -0.130637128303807, -0.188763279315371, 0.0, 0.0, 0.0], [0.0697949562580243, -0.237518881099542, 0.0649427558072112, 0.0, 0.0, 0.0], [0.0634195234462568, -0.1840780047016745, -0.061910261754079904, 0.0, 0.0, 0.0], [0.0773731200640197, -0.280348683356311, 0.135151327516135, 0.0, 0.0, 0.0], [0.06690792260069753, -0.20814567436533363, -0.012644864436526175, 0.0, 0.0, 0.0], [0.08118425809065, -0.326534461986537, 0.255910566103942, 0.0, 0.0, 0.0], [0.0745874666578954, -0.271528552483602, 0.145956352377534, 0.0, 0.0, 0.0], [0.06928731184902294, -0.22787713896886755, 0.03211437398688519, 0.0, 0.0, 0.0]], \"Rotation\": [[-0.677062114572733, -0.735810037711447, 0.0130568531192947, -0.108285517165287, 0.0820595506943535, -0.990727246477095, 0.727915613091618, -0.672197752557177, -0.135236983383001], [-0.676769855945756, -0.736081876925932, 0.0128853616308691, -0.108948135728715, 0.0828286880645758, -0.9905905875561, 0.728088501354333, -0.671805685369437, -0.136250707524412], [-0.6769159852592446, -0.7359459573186895, 0.012971107375081899, -0.108616826447001, 0.08244411937946465, -0.9906589170165975, 0.7280020572229755, -0.672001718963307, -0.1357438454537065], [-0.682125837849991, -0.731036416179243, 0.0170323092167861, -0.1107388215437, 0.0802498088465704, -0.99060430121376, 0.722800978652187, -0.677602926794076, -0.135694579329988], [-0.6782184484069311, -0.734718572033828, 0.013986407835507949, -0.10914732522117576, 0.08189554174624109, -0.9906452630658881, 0.7267017875802784, -0.6734020209209992, -0.13573152892277687], [-0.676800708491869, -0.7360591984715, 0.0125561670264922, -0.108289453502967, 0.0826717289209913, -0.990675920519543, 0.728158083965929, -0.671849865358851, -0.135659733054285], [-0.68184015634568, -0.731310037794578, 0.0167221354913565, -0.110895576172321, 0.0807441435120382, -0.990546593792496, 0.723046452435739, -0.677248855229302, -0.136153647438077], [-0.6779821584210874, -0.7349420097734399, 0.013748034367338659, -0.1090043466014743, 0.08202490627536611, -0.9906503726414972, 0.7269445036445535, -0.6731433283273079, -0.1357195629446949]], \"Position\": [[-0.8301659410246884, 0.711309138210985, 1.7050525034873747], [-0.8298648059787734, 0.710874960338961, 1.7053841233321347], [-0.8300153735017309, 0.711092049274973, 1.7052183134097547], [-0.829030532893374, 0.713560524174869, 1.70992071961121], [-0.8297691633496418, 0.711709167999947, 1.7063939149601186], [-0.830599033188105, 0.711127998703386, 1.70574388317754], [-0.828899626775124, 0.713115386845216, 1.7093330832109], [-0.8299074749893857, 0.7116123064505202, 1.706285576329689]]}, \"10-3\": {\"FocalLength35mm\": [35.4903111972268, 35.5310674649013, 35.51068933106405, 35.5470573233061, 35.51978132912456, 35.5310556039328, 35.5679868949966, 35.521660374925936], \"PrincipalPointU\": [0.0103673383166594, 0.0102625020569516, 0.0103149201868055, 0.0115601075728912, 0.010626217033326925, 0.00973234357456801, 0.0111112970847919, 0.010477238123533773], \"PrincipalPointV\": [-0.00875386840823624, -0.00866659744323068, -0.00871023292573346, -0.00720631053699217, -0.008334252328548137, -0.00950238826881055, -0.00767394419437261, -0.008528941651925205], \"DistortionCoeficients\": [[0.110642636764349, -0.469744296541685, 0.421435036200855, 0.0, 0.0, 0.0], [0.0797230789828121, -0.230641929383411, -0.143061774440816, 0.0, 0.0, 0.0], [0.09518285787358055, -0.35019311296254796, 0.13918663088001948, 0.0, 0.0, 0.0], [0.0645012647649704, -0.0985214075111333, -0.416411703204116, 0.0, 0.0, 0.0], [0.087512459596428, -0.2872751865996943, 0.00028704735898560374, 0.0, 0.0, 0.0], [0.0865989111418436, -0.304665505539006, 0.0701452353386368, 0.0, 0.0, 0.0], [0.0569058294884247, -0.0874007628743493, -0.375743959846871, 0.0, 0.0, 0.0], [0.08736020152066393, -0.2901735730895796, 0.011930078688927469, 0.0, 0.0, 0.0]], \"Rotation\": [[-0.577984468204513, -0.815996510429375, -0.00914600904376006, -0.010200677963802, 0.0184312220957002, -0.999778093489319, 0.815984007614993, -0.577762914195037, -0.0189766777238188], [-0.57789757562583, -0.816058235010486, -0.00912957596814512, -0.0102876420327495, 0.0184701754122871, -0.999776483541019, 0.816044457433046, -0.577674484196602, -0.0190691845918098], [-0.5779410219151715, -0.8160273727199305, -0.009137792505952591, -0.01024415999827575, 0.018450698753993647, -0.999777288515169, 0.8160142325240195, -0.5777186991958194, -0.0190229311578143], [-0.582729419009239, -0.812662143435483, -0.00258163669057332, -0.0136759926334105, 0.0129827394839223, -0.999822192042657, 0.812551162356344, -0.582590498637199, -0.0186793857236897], [-0.5791381211886883, -0.8151860653988187, -0.007498753552107773, -0.011102118157059438, 0.01708370893647581, -0.999788514397041, 0.8151484649821006, -0.5789366490561643, -0.01893704479928315], [-0.577614249669263, -0.816256104176238, -0.00936754898821457, -0.00946605270549359, 0.0181723716306458, -0.999790057339787, 0.816254967779794, -0.577404310084666, -0.0182233441074596], [-0.582448176766978, -0.812863620581855, -0.00261834210574619, -0.0131667176572114, 0.0126550578434416, -0.999833229622378, 0.812761194279697, -0.582316566693357, -0.018073661153813], [-0.5788841426021175, -0.8153644051950554, -0.007810219458125572, -0.010829440581798461, 0.017265152718837478, -0.9997887715541652, 0.8153328821150495, -0.5786812592275812, -0.018818094683979224]], \"Position\": [[-0.8246381711930635, 0.7067644091081811, 1.413410750844435], [-0.8251007201271775, 0.707059730873459, 1.4134756777638948], [-0.8248694456601204, 0.70691206999082, 1.4134432143041649], [-0.8240118969255, 0.708650155238498, 1.41820651532336], [-0.8246550584764654, 0.7073465913027395, 1.4146340395589636], [-0.825446561062364, 0.707184478641929, 1.41358176525245], [-0.824131042826782, 0.708615297043586, 1.41774442429896], [-0.8247869755741152, 0.7073195725259378, 1.4144586605078782]]}, \"10-4\": {\"FocalLength35mm\": [35.537296907168, 35.548782590798, 35.543039748983, 35.5491533331145, 35.54456814501587, 35.5608486616674, 35.5469575206062, 35.5472815644578], \"PrincipalPointU\": [0.00694255769292424, 0.00723665948671234, 0.00708960858981829, 0.00772883517160804, 0.007249415235265728, 0.00690242448707438, 0.00732090783564565, 0.007191583443900504], \"PrincipalPointV\": [-0.00319225791995216, -0.00340574092739261, -0.003298999423672385, -0.00337527180588439, -0.003318067519225386, -0.00359943285591093, -0.00333977468511803, -0.0033649617420063098], \"DistortionCoeficients\": [[0.0935450722638416, -0.360070016671181, 0.226395468863931, 0.0, 0.0, 0.0], [0.0865838077099023, -0.311479047321053, 0.112680752739608, 0.0, 0.0, 0.0], [0.09006443998687194, -0.335774531996117, 0.1695381108017695, 0.0, 0.0, 0.0], [0.0863542840286634, -0.33073716144052, 0.191425436692817, 0.0, 0.0, 0.0], [0.0891369009973198, -0.3345151893572178, 0.17500994227453137, 0.0, 0.0, 0.0], [0.08967299905228, -0.360728060625171, 0.225328180456009, 0.0, 0.0, 0.0], [0.0905344720802171, -0.361570248940809, 0.245886590190695, 0.0, 0.0, 0.0], [0.0892262506731465, -0.33888400123520995, 0.18339631530477765, 0.0, 0.0, 0.0]], \"Rotation\": [[-0.584146093974501, -0.809156372490428, 0.0635555328233914, -0.0803413869997259, -0.0202752763244579, -0.996561174592371, 0.807662430987906, -0.587243457203312, -0.0531650217963621], [-0.584364046843177, -0.809014716115117, 0.0633549513948408, -0.0800807789763902, -0.0202001051320245, -0.996583676663024, 0.807530636939306, -0.587441184172367, -0.0529823134882542], [-0.584255070408839, -0.8090855443027725, 0.0634552421091161, -0.08021108298805804, -0.0202376907282412, -0.9965724256276975, 0.807596533963606, -0.5873423206878394, -0.05307366764230815], [-0.586024090422616, -0.807596252805701, 0.0660610164812503, -0.0813046590508082, -0.0225100410125247, -0.996435070875291, 0.80620426559339, -0.589306024496445, -0.0524699116753372], [-0.5846973254122833, -0.8087132214285047, 0.06410668570214965, -0.08048447700374559, -0.020805778299312076, -0.9965380869395959, 0.807248466871052, -0.5878332466399908, -0.05292272865056541], [-0.584240732220788, -0.809122728267706, 0.0631124188630328, -0.079760667641437, -0.0201441223516056, -0.99661048069548, 0.807651535447999, -0.58729432564542, -0.052767152217846], [-0.585776713953077, -0.807778038347426, 0.0660324325912613, -0.0812397467488335, -0.022542060687225, -0.996439641447569, 0.806390566002926, -0.589055596920663, -0.0524190690295209], [-0.584621226547034, -0.8087814725683716, 0.06394097456229685, -0.08036384211002749, -0.020695502308027663, -0.9965501525655767, 0.8073156449672098, -0.5877434264742291, -0.052896799245112175]], \"Position\": [[-0.8224623985767975, 0.702507893362811, 1.110242670478165], [-0.8228075087380705, 0.702661984168839, 1.1102848216529848], [-0.822634953657434, 0.702584938765825, 1.1102637460655749], [-0.821742800780784, 0.703565865655905, 1.11520987380749], [-0.8224119154382715, 0.702830170488345, 1.1115002780010537], [-0.823186343348732, 0.702892787184761, 1.11035387111614], [-0.821691779546803, 0.703560132695799, 1.11481844120692], [-0.8225409867566816, 0.7028406066044143, 1.1113092101869013]]}, \"10-5\": {\"FocalLength35mm\": [35.3304576339129, 35.3335472662029, 35.3320024500579, 35.2923652461832, 35.32209314908923, 35.3360373210036, 35.2934103893951, 35.32441717774162], \"PrincipalPointU\": [9.41591861465118e-05, -0.0001617410445994, -3.3790929226444095e-05, 8.88867805636653e-05, -3.1215017789167463e-06, -0.00023536533441642, -0.000226196109082056, -4.182880721850062e-05], \"PrincipalPointV\": [0.00269840558154358, 0.00225369267206697, 0.0024760491268052747, 0.00353977453655546, 0.002741980479242821, 0.00221178701064479, 0.00344766456249981, 0.0026536149011431487], \"DistortionCoeficients\": [[0.097507427707757, -0.387194920571906, 0.285326871410388, 0.0, 0.0, 0.0], [0.0960987403614144, -0.397388447773628, 0.328981660220286, 0.0, 0.0, 0.0], [0.0968030840345857, -0.392291684172767, 0.307154265815337, 0.0, 0.0, 0.0], [0.108593062309489, -0.452220760760177, 0.413935360715366, 0.0, 0.0, 0.0], [0.09975057860331153, -0.40727395331961946, 0.33384953954034424, 0.0, 0.0, 0.0], [0.0993518834081005, -0.41242975116253, 0.351185415166099, 0.0, 0.0, 0.0], [0.111863547520446, -0.465604368474731, 0.418038188758264, 0.0, 0.0, 0.0], [0.0996841294041097, -0.40813325296010455, 0.33673885214463667, 0.0, 0.0, 0.0]], \"Rotation\": [[-0.656831424373174, -0.748936948692263, -0.0875552787639378, 0.0156259760621025, 0.102570860492695, -0.994602959702963, 0.753875526083726, -0.654654615397548, -0.0556688935643094], [-0.6566913288445, -0.749048902569612, -0.0876483894872315, 0.0160275922633454, 0.102332119800078, -0.994621160816249, 0.753989134475216, -0.654563884442522, -0.0551951653392959], [-0.6567613766088369, -0.7489929256309376, -0.08760183412558464, 0.01582678416272395, 0.10245149014638649, -0.994612060259606, 0.7539323302794709, -0.654609249920035, -0.05543202945180265], [-0.661678463389864, -0.745000517989071, -0.084592193978196, 0.0144794136490366, 0.100104165682183, -0.994871601058877, 0.749647889122892, -0.659509957626942, -0.055449599858801], [-0.6579906483040937, -0.7479948237204709, -0.08684942408873748, 0.015489941534302111, 0.10186465903033562, -0.9946769454594238, 0.7528612199903262, -0.6558344268467617, -0.05543642205355224], [-0.656727437644071, -0.748988471643301, -0.0878939246528749, 0.0162685606452392, 0.102452464008882, -0.994604859506046, 0.753952522762531, -0.65461420849531, -0.0550983797953602], [-0.661527699601131, -0.745129776510397, -0.0846328471575994, 0.0146235797598947, 0.100016776703736, -0.994878281646957, 0.749778136234608, -0.659377176231753, -0.0552674034960702], [-0.6577801131940899, -0.7481604317076092, -0.08702350751609372, 0.01561971138612496, 0.10196262652676001, -0.9946649311338608, 0.7530431037856937, -0.6556310571215198, -0.055380081677186895]], \"Position\": [[-0.8239153080799205, 0.691951633507906, 0.8118483470039348], [-0.8239128219404844, 0.692024867202887, 0.8118324726118549], [-0.8239140650102025, 0.6919882503553965, 0.8118404098078948], [-0.822353365385122, 0.691753468044294, 0.81691910831162], [-0.8235238901039323, 0.691929554777621, 0.8131100844338262], [-0.824130920366066, 0.692210250577556, 0.811806114388171], [-0.822404694974729, 0.691962587691448, 0.816788556758341], [-0.8236250618142881, 0.6919763374109436, 0.8128927560928836]]}, \"10-6\": {\"FocalLength35mm\": [35.4746412116053, 35.4773774245196, 35.47600931806245, 35.4202572660346, 35.46207130505549, 35.463325376005, 35.4305745478505, 35.4622803168804], \"PrincipalPointU\": [6.02959266261243e-05, 0.000132117968740854, 9.620694768348916e-05, -0.000174822174811984, 2.8449667059620877e-05, -3.98177197269611e-06, -3.6601592037796e-05, 2.3044427220901374e-05], \"PrincipalPointV\": [-0.00286663667144742, -0.0023163064609817, -0.00259147156621456, -0.00232633861206815, -0.0025251883276779575, -0.00273118874219795, -0.00243490710771976, -0.002559521730097956], \"DistortionCoeficients\": [[0.0746249068298618, -0.190423486710456, -0.121396288613767, 0.0, 0.0, 0.0], [0.0693994614465298, -0.151141585756268, -0.213207018562737, 0.0, 0.0, 0.0], [0.0720121841381958, -0.17078253623336198, -0.167301653588252, 0.0, 0.0, 0.0], [0.0961327774350506, -0.332139034875016, 0.15747039789813, 0.0, 0.0, 0.0], [0.07804233246240949, -0.2111216608937755, -0.0861086407166565, 0.0, 0.0, 0.0], [0.0922396811989883, -0.333752886219669, 0.198813189251048, 0.0, 0.0, 0.0], [0.0981746656658175, -0.358221707164526, 0.228529045591791, 0.0, 0.0, 0.0], [0.08040855725183929, -0.2315601984480911, -0.03862166905537241, 0.0, 0.0, 0.0